%YAML:1.0
---
image_size: [ 640, 480 ]
flags: 131072
rms: 1.1999304612613559e-01
camera_matrix: !!opencv-matrix
   rows: 3
   cols: 3
   dt: d
   data: [ 8.1962799115517191e+02, 0., 3.2406805560972208e+02, 0.,
       8.1816779452246351e+02, 2.3890366946396142e+02, 0., 0., 1. ]
distortion_coefficients: !!opencv-matrix
   rows: 1
   cols: 5
   dt: d
   data: [ 9.3747918442441888e-03, 9.3556033649599590e-01,
       1.5455868032308168e-04, 2.1115102888743451e-03,
       -2.9321387206985392e+00 ]
